27
93
164
47
34
175
42
147
178
98
151
127
66
111
74
137
80
119
118
196
153
177
102
90
46
65
192
125
163
123
172
68
95
52
193
63
142
13
58
112
33
89
186
149
120
183
138
185
157
4
184
43
1
83
57
39
188
82
59
35
50
15
108
100
56
62
75
23
76
135
101
69
88
146
144
155
54
110
166
19
78
187
136
3
130
40
160
121
86
107
158
71
91
180
85
6
45
2
20
44
113
182
94
167
179
7
161
104
29
124
115
174
103
18
72
87
51
171
31
139
21
114
189
132
97
38
191
148
141
116
10
106
84
25
195
128
48
53
24
26
131
143
5
199
37
198
61
197
165
92
22
9
170
176
145
67
81
12
105
30
79
134
77
122
36
152
55
133
173
99
8
0
117
169
159
168
41
140
16
49
129
154
126
150
17
32
96
156
11
64
28
14
190
162
73
194
60
109
181
70
