96
54
187
13
166
11
22
181
95
107
67
43
120
34
23
103
141
33
126
196
14
162
129
146
29
87
158
65
39
192
104
117
45
21
136
197
193
174
152
72
60
56
131
81
80
41
52
175
102
26
36
171
42
46
155
112
170
114
5
190
88
18
19
15
0
84
47
71
25
93
51
73
168
69
185
1
159
44
124
77
160
184
130
127
161
35
50
147
97
115
142
116
85
156
89
150
20
123
27
86
61
90
64
167
48
92
113
180
145
101
183
165
91
49
2
4
53
3
139
7
178
68
164
191
82
149
74
189
100
28
62
10
76
16
79
195
157
148
163
119
94
153
40
140
118
182
12
151
38
63
106
135
55
137
188
6
78
144
57
24
186
133
59
122
58
125
169
194
8
138
109
179
70
173
134
66
99
132
176
31
30
110
32
154
143
199
198
121
9
105
108
111
37
128
75
17
177
98
83
172
