186
70
25
26
78
93
72
15
85
120
12
134
106
149
41
63
154
175
135
156
161
37
159
157
198
121
146
177
98
150
74
59
138
35
33
28
127
133
49
167
125
51
195
190
170
2
169
55
184
166
87
53
4
20
30
111
13
180
97
48
185
80
29
116
43
86
1
199
172
168
52
81
119
3
71
126
163
64
62
92
128
124
9
110
109
197
173
32
18
69
95
61
10
148
0
60
103
19
107
101
66
137
187
96
153
181
83
16
58
160
27
22
147
192
14
108
145
56
40
117
113
75
102
46
65
136
77
44
89
189
38
11
132
178
88
91
152
8
144
179
158
176
115
84
34
24
191
94
104
76
142
114
151
57
171
36
99
42
82
162
112
31
73
54
129
196
90
141
68
105
143
39
131
100
122
123
194
165
17
21
23
47
188
118
67
5
140
155
164
50
183
193
45
182
7
174
6
79
130
139
