13
162
177
6
37
7
151
136
30
24
163
116
10
59
98
11
148
122
48
78
44
175
82
52
131
155
50
12
41
117
172
8
99
152
129
191
0
83
180
187
127
110
181
88
130
31
168
139
53
96
32
42
5
188
118
176
89
100
146
18
67
115
28
135
34
132
29
45
4
123
55
97
63
142
64
61
170
103
35
185
76
91
186
87
22
33
171
60
192
77
71
47
126
68
184
160
39
144
65
167
80
125
165
54
51
69
114
121
164
189
157
14
149
81
25
93
109
111
105
84
74
72
198
46
150
196
128
56
194
73
20
169
145
26
79
19
197
113
36
57
9
193
101
190
182
166
183
2
38
95
159
86
106
119
143
147
120
108
102
92
43
161
138
85
40
158
179
107
140
133
154
3
153
134
23
1
124
70
174
178
199
173
104
62
156
27
66
75
112
94
58
90
137
16
17
195
15
21
49
141
